0 0.491935 0.605540 0.047235 0.046985
0 0.415035 0.576788 0.025922 0.027349
0 0.169643 0.438990 0.038594 0.049088
0 0.091302 0.164797 0.062788 0.044881
0 0.074597 0.210379 0.029378 0.033661
0 0.107719 0.216690 0.026498 0.042076
0 0.550979 0.399369 0.029378 0.034362
0 0.756912 0.862903 0.078341 0.076438
0 0.552707 0.511220 0.022465 0.053296
0 0.510945 0.450561 0.019585 0.046985
0 0.431452 0.363604 0.024194 0.051192
0 0.396601 0.279453 0.031682 0.052595
0 0.369528 0.242286 0.043203 0.046985
0 0.740495 0.207223 0.035138 0.048387
0 0.538018 0.134993 0.020737 0.044180
0 0.073733 0.558555 0.038018 0.068022
